2

1024.0000000000  768.0000000000

1277.53647       0.0000000000  483.73053
0.0000000000  1275.56366  362.50312
0.0000000000    0.0000000000    1.0000000000

0.0 0.0 0.0 0.0

-0.6074136 -0.5497308  0.5734498
-0.6846277 -0.0038663 -0.7288827
0.4029064 -0.8353329 -0.3740125

-875 245 1050

1024.0000000000  768.0000000000

1277.37789   0.0000000000  497.58020
0.0000000000  1277.34800  363.13476
0.0000000000    0.0000000000    1.0000000000

0.0 0.0 0.0 0.0

-0.6074136 -0.5497308  0.5734498
-0.6846277 -0.0038663 -0.7288827
0.4029064 -0.8353329 -0.3740125

-880 235 1048

