2

1024.0000000000  768.0000000000

1277.53647       0.0000000000  483.73053
0.0000000000  1275.56366  362.50312
0.0000000000    0.0000000000    1.0000000000

0.0 0.0 0.0 0.0

-0.376635 -0.834154 0.402906
-0.728891 -0.00157647 -0.684628
0.57172 -0.55153 -0.607414

-545.656 82.0339 1274.24

1024.0000000000  768.0000000000

1277.37789   0.0000000000  497.58020
0.0000000000  1277.34800  363.13476
0.0000000000    0.0000000000    1.0000000000

0.0 0.0 0.0 0.0

-0.376635 -0.834154 0.402906
-0.728891 -0.00157647 -0.684628
0.57172 -0.55153 -0.607414

-560.656 82.0339 1274.24

