2

1024.0000000000  768.0000000000

1277.53647       0.0000000000  483.73053
0.0000000000  1275.56366  362.50312
0.0000000000    0.0000000000    1.0000000000

0.0 0.0 0.0 0.0

-0.0384822   0.9992140  -0.0095598
0.5215410   0.0119236  -0.8531430
-0.8523580  -0.0378166  -0.5215900

122.24 -408.64 1156.82

1024.0000000000  768.0000000000

1277.37789   0.0000000000  497.58020
0.0000000000  1277.34800  363.13476
0.0000000000    0.0000000000    1.0000000000

0.0 0.0 0.0 0.0

-0.0287132   0.9995316  -0.0052244
0.5218506   0.0105360  -0.8529731
-0.8525242  -0.0272176  -0.5218951

-10.317 -409.218 1161.282

