-1.04475 -1.78024 -2.24013 -0.781733 1.61513 0.0356047
-1.0165 -1.50753 -1.99388 -0.556045 1.3764 0.114778
-0.84173 -1.48183 -1.57555 -0.584226 1.31605 -0.0836058
-0.586649 -1.50922 -1.78279 -0.43329 0.99384 -0.204575
-0.47952 -1.2232 -1.66621 -0.125603 0.807642 -0.321966
-0.217529 -1.25029 -1.54092 0.0951521 0.935666 -0.0060456
0.126106 -1.30047 -1.6534 0.014059 0.815231 0.303251
0.456395 -1.32977 -1.50803 -0.305271 0.759595 0.420945
0.669763 -1.45887 -1.2177 -0.516472 0.830644 0.65303
0.863298 -1.52919 -1.03928 -0.825582 0.784543 0.932475
0.978779 -1.45439 -0.839427 -0.794621 1.22028 0.915184
1.09426 -1.37959 -0.639574 -0.763661 1.65603 0.897894
1.20974 -1.30479 -0.439722 -0.732701 2.09177 0.880603
1.32522 -1.22999 -0.239869 -0.70174 2.52751 0.863312
1.4407 -1.15519 -0.0400161 -0.67078 2.96325 0.846021
1.472 -1.13491 0.0141623 -0.662387 3.08137 0.841334
1.59799 -1.45275 -0.253496 -0.848047 3.15505 0.69448
1.30123 -1.43339 -0.522615 -0.762921 3.22488 0.416973
1.42201 -1.32554 -0.957727 -0.919588 3.13199 0.452859
1.43209 -1.38163 -1.39407 -1.1052 3.00433 0.527759
1.66597 -1.46353 -1.38696 -1.24482 3.37785 0.699614
1.54714 -1.48725 -1.72993 -1.4982 3.47024 0.487601
1.36833 -1.40468 -1.91788 -1.6652 3.75733 0.23152
1.49782 -1.72903 -2.04435 -1.7779 3.8695 -0.0630045
1.87901 -1.71381 -1.98849 -1.88846 4.16623 -0.0302511
2.2602 -1.69859 -1.93262 -1.99902 4.46296 0.00250228
2.64138 -1.68337 -1.87675 -2.10958 4.75969 0.0352557
